 !This file has all of the scalar staturation parameters used for different SAT_RULE options
 SAT_RULE =            1
 UNITS = GYRO    
 XNU_MODEL =            2
 !   SAT0 model 
 ETG_FACTOR =    1.2500000000000000     
 B_unit =    1.0000000000000000     
 R_unit =    3.4235294110962382     
 q_unit =    1.7260884776212781     
 !   SAT1 & SAT2 models 
 ALPHA_ZF =    1.0000000000000000     
 SAT_geo0_out =    1.0000000000000000     
 SAT_geo1_out =    1.0000000000000000     
 SAT_geo2_out =    1.0000000000000000     
 Bt0_out =   0.97979608668320661     
 B_geo0_out =   0.82073830730820818     
 grad_r0_out =    1.0000000000000000     
 rho_ion =    1.0000000000000000     
 rho_e =    1.6506017084687633E-002
 kymax_out =   0.25828707516644706     
 vzf_out =    1.0986244071552900     
