&parallelization
n_parallel_sims = 1
n_procs_sim = 56
n_procs_s = 2
n_procs_v = 1
n_procs_w = 4
n_procs_x = 1
n_procs_y = 1
n_procs_z = 7
/

&box
    n_spec = 2
    nx0 = 13
    nky0 = 1
    nz0 = 210
    nv0 = 16
    nw0 = 8
    kymin = 0.1 
    lv = 3.0
    lw = 9.0
/


&in_out
diagdir = '.' 
    write_checkpoint = .true.
istep_nrg = 20
istep_field = 100
istep_energy = 100
istep_mom = 600
istep_vsp = 0
istep_schpt = 0
/

&general
    bpar = .true.
    nonlinear = .false.
    calc_dt = .true.
    arakawa_zv = .false.
    comp_type = 'IV'
    init_cond = 'alm'
    timelim = 129000
    ntimesteps = 1000000
    simtimelim = 10000
    beta = 0.15464375549055936
    debye2 = 0
    collision_op = 'pitch-angle'
    coll_cons_model = 'xu_rosenbluth'
    coll = 0.00006966703
    hyp_z = -1
    hyp_v = 0.2
/

&geometry
    magn_geometry = 'miller'
    q0 = 4.29996157
    shat = 0.7812930087358955
    major_R = 1.7902676474461368
    minor_r = 0.6627402395367682
    amhd = 32.71384229017436
    trpeps = 0.3701905916
    kappa = 3.0303339689353495
    delta = 0.44602381623887205
    s_kappa = -0.13809530586960833
    s_delta = 0.32529817053076443
    drR = -0.5772754502492853
    sign_ip_cw = 1
    sign_bt_cw = 1
    dpdx_pm = -1
    dpdx_term = 'full_drift'
/

&species
    name = 'ion'
    omn = 0.42569267267758587
    omt = 2.7696839993874054
    mass = 1.0
    temp = 1.0
    dens = 1.0
    charge = 1.0
/

&species
    name = 'electron'
    omn = 0.42569267267758587
    omt = 2.7696839993874054
    mass = 0.0002778
    temp = 1.0
    dens = 1.0
    charge = -1.0
/

