&parallelization
n_procs_s =   2
n_procs_v =   1
n_procs_w =  16
n_procs_x =   1
n_procs_y =   1
n_procs_z =   8
n_procs_sim =    256
n_parallel_sims =      3
/

&box
n_spec =    2
nx0    =   64
nky0   =    1
nz0    =   32
nv0    =   16
nw0    =   16

kymin =   0.28284271    
lv    =   3.00000    
lw    =   9.00000    
adapt_lx = T
x0    =   0.68995101    
ky0_ind =   1
/

&in_out
diagdir = '/home/ir-kenn3/rds/rds-ukaea-ap001/ir-kenn3/MTM/scanfiles0001/'

read_checkpoint  = F
write_checkpoint = T

istep_field  =     100
istep_mom    =     600
istep_nrg    =      20
istep_omega  =      20
istep_vsp    =       0
istep_schpt  =       0
istep_energy =     100

write_std = T
/

&general
nonlinear =   F
comp_type = 'IV'
perf_vec  =  2 1 3 1 1 1 2 1 2
nblocks   =       8
arakawa_zv =   F

timescheme = 'RK4'
dt_max     =   0.3900E-02
dt_vlasov  =   0.3900E-02
ev_coll    =    2.3792    

timelim    =     129000
ntimesteps =    1000000
simtimelim =   0.1000E+05

beta       =   0.12364711    
debye2     =    0.0000000    
collision_op = 'pitch-angle'
coll         =   0.62826411E-04
coll_cons_model  = 'xu_rosenbluth'

init_cond = 'alm'

hyp_z_with_dz_prefactor = F
hyp_z =   -1.000    
hyp_v_with_dv_prefactor = F
hyp_v =    2.000    

perf_tsteps =  -1

/

&geometry
magn_geometry = 'miller'
q0       =    3.5000488    
shat     =   0.53592851    
amhd     =    21.084794    
major_R  =    1.8440515    
minor_r  =   0.68995101    
trpeps   =   0.37414954    
kappa    =    2.8528454    
delta    =   0.33351847    
zeta     =    0.0000000    
s_kappa  =  -0.22647564    
s_delta  =   0.14517661    
s_zeta   =    0.0000000    
drR      =  -0.50808037    
dpdx_term= 'full_drift'
dpdx_pm  =   0.93335772    
norm_flux_projection  = F
sign_Ip_CW =       1
sign_Bt_CW =       1
/

&species
name   = 'ion'
omn    =   0.42564828    
omt    =    3.3486320    

mass   =    2.5000000    
temp   =    1.0000000    
dens   =    1.0000000    
charge =    1.0000000    
/

&species
name   = 'electron'
omn    =   0.42564828    
omt    =    3.3486320    

mass   =   0.54461754E-03
temp   =    1.0000000    
dens   =    1.0000000    
charge =   -1.0000000    
/

&info
step_time  =     0.0017
number of computed time steps =   1000
time for initial value solver =    142.315
calc_dt = T
nltdt_off = F
ev_coll_est  =    4.0750733    
init_time =     0.0589
n_fields = 2
n_moms   =  6
nrgcols  = 10
lx =   2.08095    
ly =   22.2144    
PRECISION  = DOUBLE
ENDIANNESS = LITTLE
OMP_NUM_THREADS =   1
GIT_BRANCH = 807803b593bdb7b1402cad3a0ac0e9f6575b9643                    
RELEASE = 2.0 - patch 1
nu_ei =   0.010769
nustar_i =   0.003770
nustar_e =   0.005331
/

&units
/

&bsgrid
is_bsg = F
/

