 !This file has all of the scalar staturation parameters used for different SAT_RULE options
 SAT_RULE =            1
 UNITS = GYRO    
 XNU_MODEL =            2
 !   SAT0 model 
 ETG_FACTOR =    1.2500000000000000     
 B_unit =    1.0000000000000000     
 R_unit =    3.0000000000000000     
 q_unit =    1.9697715564302576     
 !   SAT1 & SAT2 models 
 ALPHA_ZF =    1.0000000000000000     
 SAT_geo0_out =    1.0000000000000000     
 SAT_geo1_out =    1.0000000000000000     
 SAT_geo2_out =    1.0000000000000000     
 Bt0_out =   0.97979608668320584     
 B_geo0_out =   0.82073830730820752     
 grad_r0_out =    1.0000000000000000     
 rho_ion =    1.4142135623730951     
 rho_e =    2.3343033221927264E-002
 kymax_out =   0.21353237833795341     
 vzf_out =   0.87851105012687625     
